3.938591321768887543e-02
4.613452761784591627e-01
6.475874988445526892e-01
1.280152844271048029e-01
1.592485744204741316e-02
3.229491695478012986e-03
7.269282749152001308e-15
5.872686964754481043e-01
1.443864000852769502e-01
2.370670633395968122e-03
5.199211650748393997e-03
1.539925308397333825e-01
4.773904562808642285e-04
2.527487668894551898e-01
7.969766944942041100e-06
6.084085254057323977e-02
1.586046073676419255e-01
6.518677687186176239e-01
2.522737590092273274e-01
3.156135406032217067e-02
1.089447804286484793e-02
4.251984651323355291e-02
6.201564118658413616e-01
5.643797809218799033e-01
9.942516268312168171e-02
1.892703151992979616e-01
9.817829331696772185e-04
3.011706610998090422e-02
2.827702108313022433e-02
1.684821360270555846e-01
2.408389659176281977e-02
2.070418098119624351e-01
5.217626645014933340e-02
1.534558842784245758e-01
8.012406179544159790e-02
3.537052889004853040e-01
5.136845014872823412e-02
9.625966711909206275e-01
3.853052325799113942e-01
9.899147381573192295e-02
1.810556179657788478e-01
9.361405065589273322e-01
2.323093126818072118e-01
1.150231771698988353e-01
1.402133902989663385e-06
6.023381899643403398e-02
4.430521949546747384e-01
7.261518058542083820e-02
6.244934167566158073e-02
6.339799415425332318e-01
8.151051310715705656e-01
5.212206223702398056e-01
6.093950991197933931e-01
9.123110128028305565e-01
7.753838298333017853e-01
9.936437655532717184e-01
5.960875272290134808e-01
5.595035126577286855e-01
8.839623439641431935e-01
9.116199249532653814e-01
9.608200692371673401e-01
8.729842441148548682e-01
3.449797123138607091e-01
9.898903132434396790e-01
9.340267388067987619e-01
9.721734629682418083e-01
9.450099308115831320e-01
7.609732821571865147e-01
7.978396788286864494e-01
9.401273666831279074e-01
9.951462602610114949e-01
6.898433221081601285e-01
9.066051874932026244e-01
8.695417203868935907e-01
9.465457918446297247e-01
9.367791133005813897e-01
9.904965970080535920e-01
9.249077726232306507e-01
9.892668772591040049e-01
6.020914402433094059e-01
3.051019211929597019e-01
9.945481791144390460e-01
8.998882847111286942e-01
9.863644623480433138e-01
8.995535758126640413e-01
9.648621781248041263e-01
9.685809816569682651e-01
9.120883747573561573e-01
9.344014161856009082e-01
8.656116820981132332e-01
5.936263490945541399e-01
8.215474596669769536e-01
7.898260267073566876e-01
8.227686294066784978e-01
9.201601250615381034e-01
9.409686788359699072e-01
9.639875595707836364e-01
9.242375685167738553e-01
9.456102400199050129e-01
8.272670570426571279e-01
