1.389029569160050428e-03
2.818950552765267514e-01
3.243580518505062571e-02
2.376218278637886802e-02
7.330680497870988369e-03
1.017497040961449495e-01
2.258969346850142959e-02
1.847487011184217702e-03
2.453391934826235424e-02
5.626115653884259521e-02
1.106184312851130492e-03
1.044952677548532660e-01
1.616976272717888727e-02
8.673291397180786164e-03
4.049968851951720687e-04
5.534312117319468705e-01
2.319927332030600198e-01
1.497326738230294598e-04
3.284570571811862294e-02
2.790382859110782793e-02
4.379041465268396216e-02
7.379773569388422107e-04
4.560481392939234879e-03
1.191843406252400192e-02
1.979093338386893330e-01
2.128308037101497296e-01
3.092726196313335119e-01
4.996728309723175165e-01
8.931159843619489169e-02
1.841028655668926553e-02
5.891092593169903330e-02
9.314030008939667704e-01
9.079356964938968266e-01
1.194783479844375856e-01
2.251877228217724278e-02
1.921143941256385056e-03
9.312781652670600735e-03
6.097038931607576609e-03
8.162794426166969028e-03
1.839837456610236843e-01
2.947600394750533176e-02
1.576010810162388432e-03
8.307698204625944827e-02
5.938880347415317201e-02
4.045798121234003494e-03
2.714961627099481967e-01
1.788438396613503123e-01
1.409149134499030655e-02
2.451496372749857188e-04
1.864687173937405046e-02
9.845970749685475365e-01
9.890184979597574921e-01
9.966840209330338762e-01
5.910904561712608807e-01
7.360551463397522198e-01
4.911633513146611563e-01
6.628827908215131903e-02
5.645606764171394731e-01
9.935500283174826253e-01
9.990563407039784183e-01
7.669730004181092298e-01
9.985546539385754539e-01
9.451454108166780221e-01
8.725424887119176409e-01
2.211519216524238940e-01
9.945223533381997161e-01
9.207036534575222531e-01
9.976427241609115981e-01
9.944290929703691884e-01
4.136530673909913358e-01
9.896731408418586451e-01
9.966308158550171159e-01
9.998174956226800747e-01
9.879183107062372571e-01
7.603033171401838430e-01
7.588344218240823391e-01
9.958016171205726907e-01
9.902309579386515681e-01
9.603032826639079644e-01
9.288818340799264162e-01
2.305912009711853505e-01
9.659376789379029438e-01
6.899914646668550144e-01
8.971999660160864254e-01
9.991935979786975563e-01
9.941031622854535899e-01
9.434827026949449413e-01
9.944357141720391313e-01
9.903419935784125716e-01
7.271752643591415932e-01
9.390632612702475290e-01
9.422501430918883703e-01
4.358021946305381533e-01
9.994414373903164339e-01
9.428057933817728387e-01
8.892545547423502672e-01
9.866845899497530548e-01
9.953304316947975128e-01
9.996181458598787373e-01
9.361812140743910327e-01
