6.162391548903053962e-02
6.048796810421943615e-01
6.053557841229258996e-01
1.150513690437629244e-01
9.795695982369644061e-02
1.905903343325624291e-02
3.871935330042380031e-08
5.272944974434791154e-01
1.071641904732892336e-01
2.238367552464361199e-02
1.133818401659234393e-01
1.322096958539940859e-01
6.894627907741235871e-03
2.979540998265429730e-01
3.119748105052671736e-03
6.957643340269364929e-02
2.480807931599825766e-01
6.690340108127056373e-01
6.571842329756427681e-01
8.227551692333982813e-02
5.158042529944285165e-02
4.680143614011694764e-02
5.689821863695571080e-01
6.439194139567879782e-01
1.346114521751584359e-01
3.293513310152706430e-01
1.553648531541604490e-02
3.272176637052424258e-02
2.963069974300970577e-02
1.972130872159477410e-01
3.299479026391369252e-02
1.847281451100409311e-01
5.104753564547617056e-02
2.516936724491150024e-01
4.053097681124294138e-01
5.007484866558079561e-01
6.880660175541672419e-02
9.451180029015404660e-01
3.169660334385231426e-01
8.599453265069367802e-02
2.846877471988986663e-01
9.152471216280432253e-01
1.977353923890413645e-01
1.343264358888900944e-01
7.939159092392230471e-04
5.778242549591115773e-02
4.240560689444521358e-01
9.402456921319821137e-02
7.690604985149424033e-02
6.168790916165551863e-01
8.909570174091593353e-01
3.956286568812478199e-01
7.609474808329920181e-01
8.343763411288299681e-01
7.273790799991560752e-01
9.860844854720663966e-01
5.385272598199716265e-01
4.893947412286392407e-01
8.166151050477172824e-01
8.877056439274942923e-01
9.317912528482409362e-01
8.255501356163157389e-01
2.597038690571765174e-01
9.790245634104655093e-01
9.156122032100034724e-01
9.419300737527570577e-01
9.101277070210087583e-01
8.270696437726559047e-01
6.881942526489729373e-01
9.182383228946938702e-01
9.910488696733734670e-01
5.662167894596248363e-01
8.443637702663915334e-01
7.792128150709317636e-01
9.102252996054610579e-01
9.319032736499706093e-01
9.769546346480697530e-01
8.586693531147115976e-01
9.830833045893431210e-01
4.748240518419739042e-01
2.275697924237359837e-01
9.950244500848012263e-01
8.824186277671463019e-01
9.752987402038503228e-01
8.257180666971677407e-01
9.407480118178406236e-01
9.419868846814299923e-01
8.530695142675530640e-01
8.902760775467883914e-01
9.307810731353821643e-01
4.645490332292923630e-01
7.525980650207820810e-01
7.167322393843704731e-01
7.660901080304070021e-01
8.790764865208455792e-01
8.859814324756648540e-01
9.226029691285437817e-01
8.745839080203956506e-01
9.501455362742673438e-01
7.261190624832045692e-01
