1.122395837187718662e-03
2.850577594309022245e-01
2.987461295369005232e-02
2.159374732841137443e-02
6.421953385316757010e-03
9.966059062526874679e-02
2.054818065223747853e-02
1.497259888685449798e-03
2.237078231070064455e-02
5.316242409695865617e-02
8.852684706678464214e-04
1.013567703555267319e-01
1.459330243643724469e-02
7.544412384790321474e-03
3.139241713751825843e-04
5.680007358738619061e-01
2.333994686451651424e-01
1.103694003856596717e-04
3.034960893413167493e-02
2.548345921541337808e-02
4.088918650298127566e-02
5.813985227739612788e-04
3.865195399149367727e-03
1.048479805851038234e-02
1.976863673340261418e-01
2.132238519326388471e-01
3.146446900545684100e-01
5.129215327399602176e-01
8.597635497061043020e-02
1.654448278557466012e-02
5.594023841986465323e-02
9.413127279612261145e-01
9.193952428936936760e-01
1.167248893571847385e-01
2.038536308545679104e-02
1.575773976640614665e-03
8.163686839669300963e-03
5.245275609362641707e-03
7.084969364615814093e-03
1.820934384754140656e-01
2.709171887940802631e-02
1.276111044032011456e-03
7.988861273839291399e-02
5.635238767058430021e-02
3.408698669847012863e-03
2.745658850368324910e-01
1.779691999251475087e-01
1.247819082704272435e-02
1.843393744236748700e-04
1.678259833198068873e-02
9.877135412247258772e-01
9.913311828780978496e-01
9.975135566510847651e-01
6.084478357028202389e-01
7.541124016170273059e-01
5.050427575265429292e-01
6.330049340365066779e-02
5.804186747258929246e-01
9.950174538945798508e-01
9.993315840400084360e-01
7.855252878720673237e-01
9.989482494782000455e-01
9.537145822645881621e-01
8.865974343359254162e-01
2.213223484726429269e-01
9.958350552474262152e-01
9.316679566211539809e-01
9.982581982607166005e-01
9.957418939289096604e-01
4.226928324658061342e-01
9.918581203962861803e-01
9.974623963677079486e-01
9.998778969987949239e-01
9.905053393324253497e-01
7.774390087503382230e-01
7.773152632172581900e-01
9.968230031508257261e-01
9.923259478330082040e-01
9.664855177504607653e-01
9.387761611328586664e-01
2.316885721619630911e-01
9.717913036676180116e-01
7.090723553925509792e-01
9.102080270923397221e-01
9.994294885187823274e-01
9.954922326694711776e-01
9.524477917297873297e-01
9.957167445938246431e-01
9.924785256771954112e-01
7.462348616447024297e-01
9.479347835961972057e-01
9.506539715016990577e-01
4.462658874373690021e-01
9.996114207519498640e-01
9.509935402749083444e-01
9.027772594088233626e-01
9.894315844910477331e-01
9.964425757169610431e-01
9.997382747024780025e-01
9.457444829601268088e-01
