1.858050258360277148e-05
1.554273431892160874e-05
6.341131925729362521e-07
2.368392675190763529e-06
1.199105496500432624e-04
3.095782146202782377e-05
4.178975303720701071e-03
5.266404653851237613e-03
3.031589552200550050e-04
2.321953559826809566e-01
9.028551715375225640e-05
5.308148313295787263e-03
1.932138747473518105e-03
1.186385199902959753e-06
7.417369822980960335e-03
4.969495216087994709e-03
5.976749170349842689e-03
4.572441942560470001e-04
9.868358189060484342e-01
3.127106275565967874e-01
2.159316028274558305e-04
4.827678274391108415e-01
4.399187767625474810e-01
1.505583917346363410e-05
1.835128425821551390e-02
2.463398729020121206e-05
2.051830076047027763e-03
8.151344772256633453e-01
3.719855623977448263e-04
3.553369767750126723e-06
1.511117707462557996e-02
8.565091835349499805e-01
1.598781638605087721e-03
6.073771205150012614e-09
5.174462402133690178e-04
1.147572824368989219e-02
5.749335508934408021e-03
9.923719786994597003e-01
1.025822941698868129e-06
1.033505110400767500e-05
7.580390121990389363e-04
6.255170814885393861e-07
3.094610601040055081e-08
5.439136462690328448e-05
5.640944138400921098e-02
1.460928498208489230e-03
2.526805513353342931e-04
1.731267273254071157e-06
1.511757868005960492e-06
4.522450450918358820e-05
1.999983972724772628e-04
8.532232002614438613e-06
4.997572979452295837e-05
1.163049757673908576e-05
1.587545738185751343e-03
1.769624505142804484e-06
4.624180625312552151e-04
2.801287744872112302e-03
6.638987355222784187e-03
8.594003283216520780e-03
2.200556236604064462e-04
9.491556441442469431e-07
9.990949137203879449e-01
9.999575844521424450e-01
9.997040085280308741e-01
9.998108817643032165e-01
9.938678230597656205e-01
9.994143092078725532e-01
9.952227035215920337e-01
9.998372549859947389e-01
4.353641570033495167e-01
9.557472535459388130e-01
9.554326283373397732e-01
9.964576104451022820e-01
7.085459410821668413e-01
8.801877853607799063e-01
9.992536197638341999e-01
9.512829522744828958e-01
9.226077523218397802e-01
9.981235282162319589e-01
9.428812161005318826e-01
9.926104478419263133e-01
9.991958827617423156e-01
9.986453473735839026e-01
9.998514242850192746e-01
9.668392737268960424e-01
9.357176209167972214e-01
8.875168206228956080e-01
9.999008871507094609e-01
9.960286140665061128e-01
9.976201711767423985e-01
9.920671387954235199e-01
9.790933673175323815e-01
9.983246173929319900e-01
9.911800643438114511e-01
9.909747166379538896e-01
9.772172341329300460e-01
9.969293526162208430e-01
9.951612643210433484e-01
7.297900884596517646e-01
9.992743557597218995e-01
9.401929343007647821e-01
8.070526290870422281e-01
9.998643034323416723e-01
9.739952434466452313e-01
9.964817239877452604e-01
8.620127685227116920e-01
9.978489542969275483e-01
9.879341790965079362e-01
9.943076969839373946e-01
8.123323734018295106e-01
9.885591714113087791e-01
9.977671755268534559e-01
8.849983431984494997e-01
9.778664478528746873e-01
9.858717156499596790e-01
9.971584708146735698e-01
9.991772718097343686e-01
9.992034268094556193e-01
8.959419580017859985e-01
5.716079657407283632e-01
8.968606908580821768e-01
9.704398433864728224e-01
9.961960599792938353e-01
